15 26
39 21
1061 6652

79 48
16 66
4606 5106

49 74
89 33
7160 7568

60 14
19 64
9274 1218

19 81
91 22
3752 4651

46 23
16 34
19768 18446

57 21
30 52
2841 3135

63 84
95 38
11781 10122

63 11
23 84
19665 8667

15 41
90 53
3420 2593

92 89
54 11
11260 8336

44 15
13 22
2292 6744

27 68
96 27
8352 8148

81 40
34 76
5787 6588

21 56
43 12
3059 14796

42 41
12 93
1632 9234

54 12
11 56
5853 6408

68 20
34 47
5508 2952

69 39
19 44
7764 784

45 75
55 15
4595 2445

23 52
80 53
5979 7380

52 78
95 42
5011 5406

21 69
53 18
9861 11186

20 77
44 22
5148 7733

11 51
55 20
5930 12955

31 94
27 16
2412 6194

60 25
17 65
5676 15545

28 99
51 24
1522 1317

32 73
50 11
14988 3113

67 52
12 93
5669 10760

71 25
21 71
17499 2385

69 65
90 20
6165 5095

21 47
61 32
13789 17163

18 72
59 30
5876 9084

94 26
67 70
5056 3766

68 36
18 47
10348 3932

76 19
90 93
9528 5202

18 45
21 13
1860 2438

15 26
29 12
17447 19298

42 26
16 59
2992 5878

85 17
27 50
8336 3362

73 31
13 97
5514 2616

59 76
56 13
8596 7229

15 69
84 24
2562 7074

50 71
58 12
7754 4819

16 62
58 55
2432 5350

51 38
14 84
4292 5920

92 19
47 53
3115 2072

58 33
28 53
6562 5587

98 18
47 42
3072 1632

12 24
32 18
9224 18716

73 29
25 42
2782 3831

74 30
22 63
3420 3644

17 57
49 18
3724 15248

83 28
13 67
12829 3710

32 15
13 68
1106 4109

28 89
67 36
2759 2222

50 18
26 44
8434 12054

44 26
13 24
14283 12306

47 29
28 80
1975 3853

75 11
83 74
14876 8179

44 40
95 13
8947 3365

68 11
14 79
10228 13970

45 98
70 31
1410 2342

77 77
75 12
9926 7280

30 56
51 29
4809 6395

95 31
26 94
11225 9649

18 79
86 25
5830 7965

91 43
12 52
4484 3972

15 65
99 83
3996 5552

55 25
23 60
17696 17345

76 52
14 32
2586 14784

82 25
78 88
4956 3566

16 95
55 27
5278 6774

98 66
11 42
9197 8304

74 22
17 67
11286 19138

28 58
81 46
7516 5826

29 22
13 89
2995 5675

90 53
45 85
9000 6704

44 84
79 14
1976 1036

43 68
86 18
4128 4286

21 57
62 12
15849 9881

20 79
60 11
7540 18331

46 46
75 15
7130 1610

36 81
94 15
6386 3954

55 36
12 25
11100 17949

60 20
16 54
11864 18026

19 49
71 28
2123 18442

45 14
17 38
6314 7036

13 43
60 23
3894 19218

66 69
84 17
9294 6388

44 85
33 18
6160 9155

40 59
38 12
16394 18789

16 45
72 31
984 13458

73 80
76 15
10022 5520

38 13
12 19
8268 16901

14 96
47 33
2957 9573

63 25
43 55
4537 2635

65 27
12 44
14298 9670

35 46
54 17
6660 5245

67 26
29 97
3463 3659

26 58
77 46
8213 8134

14 28
56 31
9622 4863

21 60
75 37
3113 439

13 32
69 36
2555 17780

43 11
75 78
4043 3328

50 16
30 52
18510 4712

72 52
13 31
9532 10900

67 12
21 66
1893 4758

15 75
80 89
8035 13429

63 18
34 68
4936 7064

85 82
78 16
10962 7672

51 93
89 51
6249 6387

92 14
21 44
6175 4000

35 74
81 29
7872 8535

41 25
35 71
3685 3985

47 84
41 17
6361 7992

17 74
78 19
1361 11358

82 29
12 60
4050 18505

87 75
24 77
5310 10096

77 19
29 50
4393 2455

68 29
23 87
7775 8642

18 74
49 15
6132 10332

20 60
87 49
3940 3340

17 75
94 59
4763 6785

57 21
23 50
12537 8487

21 48
59 16
13541 17648

17 32
64 36
677 2840

14 74
49 25
5383 6691

35 72
45 13
19570 6118

94 15
68 69
8760 5352

70 19
36 69
2998 4249

26 14
16 29
19530 5020

40 79
46 12
15808 14494

59 24
20 66
12810 11336

53 97
48 29
4671 3017

14 98
95 38
1922 8438

36 13
15 51
11195 6111

54 25
14 22
1058 645

11 37
78 55
4753 18456

60 26
15 46
19220 4386

20 89
76 58
4440 5748

56 21
31 57
6093 3149

17 62
91 67
2915 4274

60 84
80 25
6960 6090

21 52
48 19
19487 12519

24 95
84 79
5652 6402

37 76
98 64
8479 8492

16 74
74 74
6368 10138

43 80
85 45
3104 1815

99 32
29 93
6837 6224

14 26
76 22
1414 1792

42 84
89 18
5248 2496

22 38
59 30
6969 18498

31 14
38 66
7806 14660

41 23
38 77
5545 6730

86 42
29 50
9837 8352

61 35
26 81
3989 3280

34 70
60 27
3178 5671

11 41
37 24
4458 6727

25 82
24 17
1880 1846

56 27
32 60
8888 3443

50 42
16 75
3612 8082

18 52
55 23
13851 10861

73 22
15 71
4409 7435

55 21
19 42
1848 10175

35 34
88 15
1898 716

66 19
26 66
15854 16516

27 26
20 83
2383 7394

85 49
12 93
1786 7744

16 44
74 32
5164 4940

58 14
16 50
4498 5778

65 17
15 54
10690 11959

11 61
94 15
7994 2816

36 70
45 19
12464 10176

72 33
12 46
2828 17412

55 20
20 57
19255 9689

33 57
54 21
6827 11258

17 26
71 33
5068 2989

25 56
39 19
7135 2475

74 37
40 67
4544 6220

97 42
23 99
2821 2379

17 29
60 34
4076 4014

55 26
14 59
2481 15446

32 62
82 22
9138 4428

70 23
19 57
2400 16878

89 24
21 50
7264 3954

91 50
39 65
5356 4860

17 49
24 15
958 2057

80 18
11 49
10677 10119

13 94
93 63
6103 10609

12 79
85 71
7036 9188

22 52
68 29
7830 5079

15 45
65 36
3020 9539

60 19
22 59
10592 18230

32 57
94 38
5362 4503

72 31
23 43
6687 5560

61 84
60 26
9575 9618

55 12
22 46
18668 9962

84 33
41 84
4192 7893

13 61
70 24
13629 16177

79 15
22 46
5869 1909

74 51
12 33
14758 13082

26 55
34 13
3848 1982

62 18
17 28
5682 1788

83 56
15 71
7265 5754

66 18
15 73
11516 12676

22 49
43 16
1657 739

39 19
33 49
18026 16506

14 61
58 13
5944 6482

19 56
60 31
9594 5412

32 14
30 65
15872 6334

53 17
16 41
11684 19027

11 37
30 11
2672 12494

97 29
38 81
10073 6006

58 67
89 18
5522 5870

42 14
16 71
12876 17255

37 12
25 66
1682 4976

52 14
24 49
7404 17504

20 44
51 25
935 12005

26 52
65 26
1794 2132

93 18
27 25
6669 3110

68 18
29 53
2870 2482

55 17
27 69
5229 11947

14 67
56 16
5352 15436

30 61
51 17
18677 16866

13 81
82 95
7379 12703

77 20
13 64
4736 4160

22 15
38 98
2220 4974

14 67
78 25
1444 6532

24 89
91 60
3382 3108

99 35
29 56
4333 3682

15 64
89 44
3491 3480

32 87
73 11
5024 1661

58 13
69 68
5321 2506

14 62
32 13
11802 7227

22 67
41 12
3969 19340

17 98
60 43
1284 1950

95 71
22 72
2432 6040

61 33
13 25
910 19614

12 34
85 60
6011 6362

57 30
15 52
5370 6884

22 47
53 24
9967 17723

49 18
14 31
18400 14330

38 95
62 30
4770 9050

86 75
73 12
5313 1482

53 12
11 39
4419 4631

55 54
99 24
2299 1452

18 96
27 16
1863 5968

43 77
96 56
7604 9212

97 55
20 81
3698 3490

79 32
11 40
589 5040

62 31
29 84
4633 6139

53 64
92 22
6602 2092

87 71
14 50
4000 5656

12 41
64 19
18872 18899

29 11
39 75
7477 6379

85 11
56 91
11999 6913

63 47
31 88
2592 4853

22 45
58 19
10346 7539

32 64
96 11
9632 6413

49 33
20 44
1173 12277

21 37
33 19
11765 393

92 98
76 21
11544 9359

98 72
20 75
3730 6600

13 41
58 50
5963 5647

48 63
79 12
7101 4644

51 23
46 85
8678 9054

43 16
45 69
13559 11987

19 39
53 17
15302 19070

52 11
12 50
7216 8107

15 49
87 46
8847 6033

27 72
61 21
2893 3398

73 90
14 92
3402 11444

11 88
64 15
1999 1579

89 13
12 37
3359 2253

21 61
78 34
1917 1717

31 65
66 32
6405 999

67 12
16 81
6475 18080

90 15
48 75
7092 5805

95 19
20 52
3630 1686

15 35
50 16
14075 18127

17 61
85 24
2142 4314

58 21
59 94
1171 1223

83 13
45 51
5686 1418

42 11
34 53
9834 13455

52 78
82 11
12060 8010

18 34
40 13
11410 10946

88 55
22 71
2706 3695

81 57
42 95
3486 6118

90 82
13 48
7829 10134

63 74
17 97
6887 14175

51 36
16 68
1373 3124

17 62
37 13
8717 19616

17 78
76 16
7142 19580

14 35
44 26
16430 12467

44 62
46 15
3492 2330

61 12
20 75
13030 8420

59 20
17 63
15459 15174

51 17
47 80
780 6167

22 52
48 15
3092 7865

83 15
21 82
9880 9215

14 21
77 29
7126 4115

21 62
92 62
2304 3658

63 30
28 58
19261 11290

34 14
41 70
7289 4484

97 80
85 12
10084 4540

90 25
26 33
9830 4535

46 18
32 48
4164 3084

27 82
66 57
5334 6015

80 33
13 82
6063 9475

85 30
13 62
18773 782

15 53
65 31
4835 5857

57 26
37 67
5602 4547

39 12
28 83
5337 7221

24 93
89 13
3487 5879

55 17
19 42
9489 11093

16 36
71 35
1792 6228

78 46
36 91
7488 8951

22 28
94 32
8818 4212
